PRN,SVN,BLOCK_NO,COSPAR_ID,ATTITUDE_FLAG,START_TIME,END_TIME,MASS,AREA_MASS,RAD_PRESS_C0,AIR_MODEL,AIR_C0,PLN_SLT,CoM_X,CoM_Y,CoM_Z,ARP_X,ARP_Y,ARP_Z,E1_PCO_X,E1_PCO_Y,E1_PCO_Z,E5a_PCO_X,E5a_PCO_Y,E5a_PCO_Z
211,101,203, 2011-060A,0, 2011 10 21 00 00 00,NA,696.8,0,0,0,0,203,1205.84,628.97,553.44,1375.5,600,1100.5,-0.23,-0.73,264.67,0.2,3.05,244.75
212,102,203, 2011-060B,0, 2011 10 21 00 00 00,NA,695.3,0,0,0,0,203,1205.33,628.81,551.41,1375.5,600,1100.5,1.37,-1.11,295.49,-0.69,0.97,232.32
219,103,203, 2012-055A,0, 2012 10 12 00 00 00,NA,697.6,0,0,0,0,202,1205.29,629.58,552.81,1375.5,600,1100.5,2,-0.3,258.37,0.8,1.64,244.39
220,104,203, 2012-055B,0, 2012 10 12 00 00 00,NA,693.8,0,0,0,0,202,1204.49,630.14,552.01,1375.5,600,1100.5,1.3,0.79,242.5,-0.42,2.27,257.58
218,201,204, 2014-050A,0, 2014 08 22 00 00 00,NA,661,0,0,0,0,299,316.89,-13.48,561.92,140,0,1215,0.38,-0.2,88.95,-0.49,-0.7,-42.25
214,202,204, 2014-050B,0, 2014 08 22 00 00 00,NA,662.1,0,0,0,0,299,311.61,-12.6,562.31,140,0,1215,0.57,0.36,69.3,-0.88,-0.19,-43.31
226,203,204, 2015-017A,0, 2015 03 27 00 00 00,NA,705.7,0,0,0,0,203,259.54,-9.24,561.17,140,0,1215,0.78,-0.64,90.93,-0.16,-0.78,-52.88
222,204,204, 2015-017B,0, 2015 03 27 00 00 00,NA,697.7,0,0,0,0,203,269.65,-9.35,561.29,140,0,1215,2.62,-1.2,43.89,-1.2,0.26,0.09
224,205,204, 2015-045A,0, 2015 09 11 00 00 00,NA,708.8,0,0,0,0,201,258.57,-9.88,565.46,140,0,1215,1.13,-0.67,73.59,-0.77,-0.35,-20.76
230,206,204, 2015-045B,0, 2015 09 11 00 00 00,NA,707.7,0,0,0,0,201,259.24,-9.51,565.27,140,0,1215,-0.36,-1.28,47.67,-0.35,-0.63,-38.26
207,207,204, 2016-069A,0, 2016 11 17 00 00 00,NA,706.6,0,0,0,0,202,261.18,-9.52,565.29,140,0,1215,2.02,0.27,43.11,0.55,-0.34,-38.79
208,208,204, 2015-079B,0, 2015 12 17 00 00 00,NA,709.1,0,0,0,0,202,261.08,-10.43,565.28,140,0,1215,-0.83,-0.15,73.98,-0.8,-0.6,-43.52
209,209,204, 2015-079A,0, 2015 12 17 00 00 00,NA,707.9,0,0,0,0,202,261.5,-9.6,565,140,0,1215,0.66,-0.32,62.75,0.65,-1.08,-53.05
201,210,204, 2016-030B,0, 2016 05 24 00 00 00,NA,706.7,0,0,0,0,201,263.51,-9.63,565.31,140,0,1215,0.85,-1.6,74.42,0.04,-0.23,-13.41
202,211,204, 2016-030A,0, 2016 05 24 00 00 00,NA,707.6,0,0,0,0,201,263.08,-10.24,565.27,140,0,1215,1.78,-1.09,76.37,0.39,-0.98,-32.58
203,212,204, 2016-069B,0, 2016 11 17 00 00 00,NA,709.9,0,0,0,0,202,257.28,-9.88,565.27,140,0,1215,1.25,-0.68,87.38,0.36,0.28,-38.94
204,213,204, 2016-069C,0, 2016 11 17 00 00 00,NA,708.8,0,0,0,0,202,262.67,-10.33,565.27,140,0,1215,0.26,-0.67,85.07,-0.47,-0.74,-45.58
205,214,204, 2016-069D,0, 2016 11 17 00 00 00,NA,709.8,0,0,0,0,202,261.61,-9.42,565.27,140,0,1215,0.21,-0.03,107.4,-0.79,-0.19,-43.73
221,215,204, 2017-079A,0, 2017 12 12 00 00 00,NA,708.5,0,0,0,0,201,266.8,-11.31,565.35,140,0,1215,0,-0.74,130.2,-0.26,-0.35,-46.8
225,216,204, 2017-079B,0, 2017 12 12 00 00 00,NA,710.5,0,0,0,0,201,260.16,-10.24,565.26,140,0,1215,0.43,-0.49,81.44,-0.69,0.11,-48.74
227,217,204, 2017-079C,0, 2017 12 12 00 00 00,NA,710.2,0,0,0,0,201,262.3,-10.98,565.28,140,0,1215,1.65,0.11,93.26,1.15,-0.2,23.84
231,218,204, 2017-079D,0, 2017 12 12 00 00 00,NA,711.5,0,0,0,0,201,261.15,-10.7,565.28,140,0,1215,-1.28,0.06,88.06,0.1,-0.42,-34.67
236,219,204, 2018-060C,0, 2018 07 25 00 00 00,NA,710,0,0,0,0,203,262.97,-9.88,565.28,140,0,1215,1.22,1.35,66.93,0.46,-0.12,-50.69
213,220,204, 2018-060D,0, 2018 07 25 00 00 00,NA,710,0,0,0,0,203,262.58,-9.79,565.28,140,0,1215,0.86,0.02,93.56,-0.58,-2.1,-73.28
215,221,204, 2018-060A,0, 2018 07 25 00 00 00,NA,710,0,0,0,0,203,261.7,-9.33,565.27,140,0,1215,0.9,1.1,71.66,0.8,0.73,-48.9
233,222,204, 2018-060B,0, 2018 07 25 00 00 00,2023 07 17 23 59 59,710,0,0,0,0,203,262.2,-9.88,565.28,140,0,1215,-1.12,-0.21,81.77,-0.82,-1.53,-41.14
233,222,204, 2018-060B,0, 2023 07 18 00 00 00,NA,709.5,0,0,0,0,203,262.2,-9.88,565.28,140,0,1215,-1.12,-0.21,81.77,-0.82,-1.53,-41.14
234,223,204, 2021-116A,0, 2021 12 05 00 00 00,NA,710,0,0,0,0,203,262.85,-10.26,565.29,140,0,1215,0.6,0.62,79.86,-1.19,0.65,-43.21
210,224,204, 2021-116B,0, 2021 12 05 00 00 00,NA,710,0,0,0,0,203,263.41,-10.06,565.27,140,0,1215,0.77,-1.01,70.99,-0.65,-1.32,-66.39
229,225,204, 2024-079A,0, 2024 06 03 00 00 00,NA,710,0,0,0,0,202,260.52,-9.59,565.26,140,0,1215,-0.03,-1.06,59.59,-0.43,-0.62,6.7
206,227,204, 2024-079C,0, 2024 04 28 00 00 00,NA,710,0,0,0,0,202,258.31,-10.14,565.25,140,0,1215,-0.4,-0.68,92.11,-0.35,-1.57,-42.46
